

n = 32
simple = 0.000714, 0.000603, 0.000593, 0.000540, 0.000608
divide = 0.001912, 0.001835, 0.001906, 0.001810, 0.002065

n = 64
simple = 0.002611, 0.002241, 0.002302, 0.002209, 0.002284
divide = 0.006127, 0.005586, 0.005604, 0.005579, 0.005475

n = 128
simple = 0.008966, 0.009128, 0.009164, 0.009258, 0.009294
divide = 0.017076, 0.017099, 0.017168, 0.017319, 0.017404