

n = 32
simple = 0.000687, 0.000618, 0.000558, 0.000571, 0.000571

n = 64
simple = 0.002405, 0.002485, 0.002247, 0.002314, 0.002220

n = 128
simple = 0.008796, 0.008399, 0.008842, 0.008892, 0.008309